1 0.22578125 0.1609375 0.1484375 0.321875
1 0.5078125 0.3640625 0.06953125 0.12734375
1 0.975 0.14921875 0.05 0.0890625
1 0.6453125 0.2765625 0.02890625 0.0484375
1 0.05859375 0.7078125 0.1171875 0.2375
1 0.3375 0.73984375 0.075 0.1859375
0 0.45625 0.74609375 0.06796875 0.1421875
0 0.87265625 0.83203125 0.0546875 0.12265625
0 0.7265625 0.76484375 0.0734375 0.13125
0 0.653125 0.80859375 0.04609375 0.109375
0 0.5953125 0.8015625 0.07890625 0.13359375
0 0.5546875 0.83984375 0.04609375 0.128125
0 0.5 0.83359375 0.0515625 0.11484375