1 0.084375 0.2203125 0.11796875 0.19140625
1 0.203125 0.24296875 0.1203125 0.18828125
0 0.321875 0.278125 0.08671875 0.14375
0 0.0171875 0.1765625 0.034375 0.125
0 0.66796875 0.45234375 0.0234375 0.1234375
0 0.57109375 0.359375 0.09140625 0.13359375
0 0.49375 0.3828125 0.0625 0.10703125
0 0.44140625 0.36171875 0.09453125 0.1390625
0 0.39296875 0.3890625 0.065625 0.12578125
0 0.3421875 0.36796875 0.06796875 0.11484375
1 0.97890625 0.36953125 0.0421875 0.0765625
1 0.8578125 0.33359375 0.06328125 0.0765625
1 0.76796875 0.28203125 0.05234375 0.0578125
0 0.27578125 0.91640625 0.0984375 0.15234375
0 0.6375 0.95703125 0.084375 0.0859375
0 0.45234375 0.92890625 0.1171875 0.1421875
0 0.55 0.93828125 0.1 0.1234375
0 0.12890625 0.88671875 0.1609375 0.2265625