1 0.9640625 0.13359375 0.071875 0.2671875
1 0.61484375 0.04609375 0.0890625 0.0921875
1 0.871875 0.03984375 0.075 0.0796875
1 0.803125 0.03203125 0.05 0.0640625
1 0.50859375 0.0640625 0.0984375 0.128125
0 0.91953125 0.13359375 0.10390625 0.2078125
0 0.8328125 0.16640625 0.0890625 0.1625
0 0.75 0.021875 0.040625 0.04375
0 0.6828125 0.03359375 0.0625 0.0671875
0 0.496875 0.10625 0.075 0.2125
1 0.05859375 0.54375 0.1171875 0.36875
1 0.29453125 0.4875 0.1953125 0.25625
1 0.9390625 0.43125 0.121875 0.14375
1 0.78984375 0.56953125 0.20390625 0.403125