1 0.08984375 0.3015625 0.1015625 0.18671875
1 0.50703125 0.37578125 0.0796875 0.13203125
1 0.23671875 0.34765625 0.0765625 0.1484375
1 0.17734375 0.3546875 0.06875 0.12890625
1 0.30546875 0.3765625 0.065625 0.1234375
1 0.4265625 0.39921875 0.07109375 0.1234375
1 0.334375 0.39453125 0.046875 0.12109375
0 0.83828125 0.09921875 0.06953125 0.11328125
0 0.6203125 0.13828125 0.07578125 0.11640625
1 0.9265625 0.5578125 0.146875 0.15625
0 0.7921875 0.52890625 0.0875 0.0984375
0 0.628125 0.5328125 0.11875 0.10625
0 0.83671875 0.521875 0.0515625 0.084375
0 0.7125 0.509375 0.075 0.059375