1 0.15703125 0.2265625 0.10859375 0.16796875
1 0.30390625 0.309375 0.08515625 0.14375
1 0.02265625 0.24765625 0.0453125 0.1203125
1 0.43125 0.62578125 0.05078125 0.0890625
1 0.01015625 0.64765625 0.0203125 0.0671875
1 0.09453125 0.6390625 0.03125 0.0625
1 0.14609375 0.6265625 0.03359375 0.0671875
1 0.18203125 0.6546875 0.0484375 0.0796875
1 0.26640625 0.621875 0.0484375 0.0765625
1 0.3875 0.646875 0.0359375 0.06953125
1 0.36328125 0.62890625 0.03125 0.0625
1 0.50546875 0.6265625 0.0359375 0.0625
0 0.975 0.4375 0.05 0.0375