1 0.5015625 0.06171875 0.15625 0.1234375
1 0.1625 0.1984375 0.190625 0.25546875
1 0.28515625 0.12734375 0.1734375 0.2546875
1 0.33984375 0.08828125 0.1421875 0.1765625
1 0.98515625 0.2171875 0.0296875 0.125
1 0.83984375 0.31875 0.1984375 0.20078125
1 0.140625 0.815625 0.071875 0.09609375
1 0.20625 0.76796875 0.065625 0.09609375
1 0.44140625 0.76328125 0.05703125 0.08046875
1 0.36484375 0.80078125 0.065625 0.071875
1 0.26171875 0.7796875 0.05078125 0.071875
1 0.1109375 0.76640625 0.065625 0.09296875
1 0.5609375 0.79375 0.04453125 0.0625
0 0.05546875 0.7828125 0.05703125 0.065625
1 0.8484375 0.75078125 0.1046875 0.15703125
1 0.9515625 0.71875 0.096875 0.140625