1 0.2453125 0.2 0.11640625 0.15546875
0 0.9015625 0.07421875 0.06640625 0.10703125
0 0.575 0.1 0.05625 0.08671875
0 0.6703125 0.08359375 0.04375 0.07890625
0 0.803125 0.053125 0.06875 0.09921875
0 0.76640625 0.08828125 0.05625 0.07890625
0 0.72109375 0.09765625 0.04375 0.08671875
0 0.9484375 0.0640625 0.05390625 0.0921875
1 0.44375 0.9296875 0.13125 0.140625
1 0.03203125 0.909375 0.0640625 0.14375
1 0.2890625 0.94140625 0.1 0.1171875
1 0.3453125 0.95625 0.0875 0.0875
1 0.2125 0.95078125 0.0875 0.0984375
1 0.08515625 0.94296875 0.0921875 0.1140625
1 0.17578125 0.95703125 0.0640625 0.0859375