1 0.375 0.01328125 0.04375 0.0265625
1 0.71171875 0.15078125 0.165625 0.225
1 0.603125 0.17421875 0.10625 0.2046875
1 0.8015625 0.15625 0.14296875 0.21328125
1 0.915625 0.27578125 0.10078125 0.1375
1 0.9671875 0.25 0.065625 0.165625
0 0.0703125 0.496875 0.140625 0.184375
2 0.196875 0.6921875 0.39375 0.615625
2 0.08359375 0.69609375 0.1671875 0.6078125
1 0.95546875 0.471875 0.0890625 0.225
1 0.57421875 0.4 0.0484375 0.08125
1 0.83125 0.3828125 0.06875 0.046875
1 0.76015625 0.37890625 0.0484375 0.0390625
0 0.88984375 0.4625 0.0890625 0.20625
0 0.80546875 0.50234375 0.0796875 0.1640625
0 0.703125 0.37265625 0.040625 0.0265625
0 0.63515625 0.38671875 0.0609375 0.0546875