1 0.2140625 0.24609375 0.18046875 0.12734375
1 0.19140625 0.04296875 0.1078125 0.0859375
1 0.0640625 0.07890625 0.053125 0.03828125
1 0.3125 0.11484375 0.07421875 0.053125
1 0.5671875 0.05625 0.0890625 0.06484375
1 0.47265625 0.08359375 0.0578125 0.0484375
1 0.275 0.0453125 0.0765625 0.0484375
1 0.44921875 0.6734375 0.07421875 0.065625
1 0.58984375 0.659375 0.0578125 0.059375
1 0.45859375 0.54140625 0.07109375 0.05703125
2 0.57890625 0.73671875 0.0796875 0.2046875
2 0.47734375 0.61328125 0.11328125 0.19609375
2 0.4703125 0.765625 0.128125 0.24453125