1 0.98046875 0.49453125 0.034375 0.215625
0 0.42578125 0.53828125 0.11953125 0.184375
0 0.596875 0.58125 0.11328125 0.184375
0 0.25 0.5625 0.11953125 0.21015625
0 0.18203125 0.58203125 0.08515625 0.159375
0 0.39609375 0.4234375 0.08203125 0.13046875
0 0.52421875 0.42890625 0.08203125 0.13671875
0 0.08125 0.403125 0.0765625 0.13046875
0 0.109375 0.33203125 0.065625 0.11328125
0 0.61796875 0.4859375 0.09375 0.125
0 0.0328125 0.440625 0.065625 0.13046875
0 0.0328125 0.34375 0.065625 0.10234375
0 0.48046875 0.503125 0.06796875 0.125