1 0.11796875 0.33515625 0.0578125 0.09921875
1 0.284375 0.3625 0.11796875 0.19140625
1 0.403125 0.38515625 0.1203125 0.18828125
0 0.521875 0.4203125 0.08671875 0.14375
0 0.19609375 0.31953125 0.07890625 0.12578125
0 0.071875 0.29453125 0.07578125 0.1390625
0 0.89140625 0.5953125 0.0703125 0.12265625
0 0.77109375 0.5015625 0.09140625 0.13359375
0 0.69375 0.525 0.0625 0.10703125
0 0.64140625 0.50390625 0.09453125 0.1390625
0 0.59296875 0.53125 0.065625 0.12578125
0 0.5421875 0.51015625 0.06796875 0.11484375