1 0.134375 0.26640625 0.22265625 0.225
1 0.8828125 0.1265625 0.234375 0.20625
1 0.0734375 0.76484375 0.146875 0.3421875
1 0.45390625 0.6453125 0.1046875 0.13125
1 0.184375 0.65 0.084375 0.13203125
1 0.2546875 0.64140625 0.0609375 0.10859375
1 0.540625 0.65703125 0.078125 0.1546875
0 0.14609375 0.77734375 0.12421875 0.221875
0 0.2375 0.80390625 0.10546875 0.17421875
0 0.31171875 0.63203125 0.04765625 0.0796875
0 0.38046875 0.6359375 0.07421875 0.10859375
0 0.95078125 0.63359375 0.0734375 0.1078125
0 0.6765625 0.634375 0.078125 0.109375
0 0.7515625 0.671875 0.0515625 0.109375
0 0.81015625 0.66640625 0.08203125 0.13671875
0 0.85 0.70546875 0.0515625 0.128125
0 0.90546875 0.7 0.0546875 0.1171875