1 0.153125 0.4375 0.0625 0.025
1 0.0546875 0.4359375 0.0625 0.028125
1 0.87578125 0.04609375 0.1859375 0.0921875
0 0.678125 0.07109375 0.159375 0.1421875
2 0.74375 0.225 0.465625 0.45
2 0.86875 0.225 0.2625 0.45
0 0.45078125 0.50859375 0.0984375 0.1171875
0 0.36328125 0.515625 0.1296875 0.13125
0 0.271875 0.5328125 0.09140625 0.09375
0 0.1421875 0.53125 0.09140625 0.0671875
1 0.62734375 0.66953125 0.165625 0.225
1 0.94921875 0.778125 0.1015625 0.25
1 0.540625 0.69296875 0.0625 0.2046875
1 0.7171875 0.675 0.14296875 0.21328125
1 0.83125 0.79453125 0.10078125 0.1375
1 0.89609375 0.76953125 0.08984375 0.165625