1 0.51796875 0.41640625 0.0984375 0.1859375
1 0.93359375 0.49140625 0.0796875 0.13203125
1 0.66328125 0.46328125 0.0765625 0.1484375
1 0.60390625 0.4703125 0.06875 0.12890625
1 0.73203125 0.4921875 0.065625 0.1234375
1 0.853125 0.51484375 0.07109375 0.1234375
1 0.7609375 0.51015625 0.046875 0.12109375
1 0.24296875 0.71328125 0.0984375 0.1265625
1 0.57109375 0.71015625 0.1265625 0.1203125
1 0.58671875 0.92265625 0.2015625 0.1546875
1 0.90390625 0.965625 0.0890625 0.06875
1 0.5484375 0.8328125 0.08046875 0.11796875