1 0.16953125 0.12578125 0.3390625 0.2515625
1 0.62734375 0.18046875 0.10703125 0.16015625
1 0.5390625 0.2140625 0.12265625 0.184375
1 0.3609375 0.246875 0.04375 0.21875
1 0.81171875 0.12890625 0.15546875 0.2109375
1 0.946875 0.225 0.08828125 0.14140625
1 0.78359375 0.140625 0.109375 0.165625
0 0.1390625 0.74765625 0.06015625 0.12578125
0 0.28515625 0.6828125 0.07890625 0.13359375
0 0.80234375 0.73828125 0.078125 0.11015625
0 0.746875 0.78046875 0.07265625 0.1078125
0 0.59609375 0.821875 0.07265625 0.1046875
0 0.48671875 0.83671875 0.0578125 0.09296875
0 0.35703125 0.85234375 0.0359375 0.1203125
0 0.38359375 0.88046875 0.07265625 0.09296875
0 0.434375 0.8703125 0.0578125 0.1015625