1 0.29453125 0.13125 0.10390625 0.12578125
1 0.4078125 0.28203125 0.121875 0.2234375
1 0.56015625 0.2234375 0.1484375 0.23515625
1 0.79453125 0.18984375 0.15078125 0.2109375
1 0.90859375 0.13515625 0.1359375 0.228125
1 0.95546875 0.09609375 0.0890625 0.1921875
1 0.05625 0.90390625 0.1125 0.1921875
0 0.784375 0.9234375 0.09375 0.153125
0 0.63515625 0.9296875 0.0890625 0.140625
0 0.93359375 0.9421875 0.0953125 0.115625
0 0.978125 0.9671875 0.04375 0.065625
0 0.8296875 0.83125 0.06484375 0.11171875
0 0.71796875 0.81796875 0.06484375 0.1140625
0 0.6296875 0.85234375 0.07734375 0.1046875
0 0.74609375 0.8890625 0.05234375 0.10703125