1 0.42421875 0.13828125 0.0890625 0.1765625
1 0.08125 0.26328125 0.08828125 0.125
1 0.315625 0.19921875 0.0859375 0.13984375
1 0.3671875 0.19609375 0.07578125 0.12265625
1 0.259375 0.23359375 0.07578125 0.11484375
1 0.15625 0.26953125 0.08125 0.11796875
1 0.23515625 0.2546875 0.05625 0.1125
2 0.846875 0.05546875 0.134375 0.1109375
2 0.7015625 0.065625 0.121875 0.13125
1 0.24765625 0.66015625 0.2171875 0.2609375
1 0.07578125 0.82734375 0.1515625 0.3453125
1 0.6421875 0.86640625 0.20625 0.2671875
1 0.9640625 0.8234375 0.071875 0.2625