1 0.36875 0.31875 0.0546875 0.08203125
1 0.17734375 0.31640625 0.04453125 0.0625
1 0.34921875 0.31796875 0.03984375 0.06953125
1 0.75625 0.0578125 0.175 0.115625
0 0.93515625 0.0796875 0.1296875 0.159375
2 0.83671875 0.3 0.3265625 0.6
2 0.734375 0.3 0.309375 0.6
1 0.04140625 0.71875 0.08125 0.125
1 0.32734375 0.66171875 0.0359375 0.07109375
1 0.8546875 0.846875 0.13203125 0.12734375
1 0.93359375 0.825 0.1328125 0.18125
1 0.7484375 0.7390625 0.0890625 0.06484375
1 0.65390625 0.76640625 0.0578125 0.0484375