1 0.209375 0.446875 0.07421875 0.10078125
1 0.27265625 0.32109375 0.07421875 0.10390625
1 0.42265625 0.1140625 0.1453125 0.228125
0 0.5359375 0.11796875 0.10234375 0.1671875
0 0.71796875 0.15546875 0.15703125 0.2171875
0 0.79375 0.1453125 0.11015625 0.1859375
0 0.4890625 0.10703125 0.065625 0.13125
0 0.6234375 0.121875 0.0890625 0.128125
1 0.01875 0.865625 0.0375 0.103125
1 0.153125 0.91640625 0.0453125 0.071875
1 0.3046875 0.946875 0.0453125 0.07421875
1 0.3421875 0.934375 0.015625 0.071875
1 0.578125 0.59765625 0.05625 0.0359375