0 0.37734375 0.20546875 0.11953125 0.184375
0 0.53984375 0.2484375 0.0984375 0.184375
0 0.2015625 0.2296875 0.11953125 0.21015625
0 0.13359375 0.24921875 0.08515625 0.159375
0 0.34765625 0.090625 0.08203125 0.13046875
0 0.47578125 0.09609375 0.08203125 0.13671875
0 0.03515625 0.06953125 0.0703125 0.1296875
0 0.0609375 0.02734375 0.065625 0.0546875
0 0.55546875 0.153125 0.0671875 0.125
0 0.00859375 0.10703125 0.0171875 0.1296875
0 0.43203125 0.1703125 0.06796875 0.125
1 0.4484375 0.75625 0.0359375 0.0765625
2 0.43984375 0.85625 0.1203125 0.2875