1 0.4875 0.1546875 0.14375 0.290625
0 0.3546875 0.16640625 0.0875 0.153125
0 0.18359375 0.1515625 0.13359375 0.196875
0 0.11953125 0.125 0.0921875 0.1671875
0 0.4 0.16875 0.05078125 0.11875
0 0.27578125 0.1453125 0.075 0.11640625
1 0.58671875 0.05546875 0.0546875 0.1109375
1 0.9390625 0.05078125 0.121875 0.1015625
1 0.7546875 0.10078125 0.0796875 0.13203125
1 0.06484375 0.71484375 0.1265625 0.0515625
1 0.090625 0.9078125 0.18125 0.184375
1 0.39765625 0.95078125 0.0890625 0.0984375
1 0.0421875 0.803125 0.08046875 0.11796875
1 0.86171875 0.80625 0.05234375 0.0734375
1 0.74375 0.715625 0.059375 0.053125
1 0.61328125 0.69765625 0.0640625 0.0171875