1 0.3765625 0.25703125 0.13203125 0.16796875
0 0.58984375 0.09921875 0.0421875 0.0921875
0 0.7234375 0.09375 0.05625 0.08671875
0 0.81875 0.07734375 0.04375 0.07890625
0 0.9515625 0.04765625 0.06875 0.0953125
0 0.91484375 0.08203125 0.05625 0.07890625
0 0.86953125 0.09140625 0.04375 0.08671875
1 0.26875 0.43984375 0.08125 0.0796875
1 0.79921875 0.61640625 0.1328125 0.203125
1 0.64453125 0.61796875 0.09921875 0.1609375
1 0.70078125 0.6390625 0.0875 0.14140625
1 0.58984375 0.62265625 0.0421875 0.1328125