1 0.6359375 0.27109375 0.05078125 0.0890625
1 0.3015625 0.284375 0.025 0.0625
1 0.35078125 0.271875 0.03359375 0.0671875
1 0.38671875 0.3 0.0484375 0.0796875
1 0.47109375 0.2671875 0.0484375 0.0765625
1 0.5921875 0.2921875 0.0359375 0.06953125
1 0.56796875 0.27421875 0.03125 0.0625
1 0.71015625 0.271875 0.0359375 0.0625
1 0.75 0.27109375 0.03359375 0.06953125
1 0.790625 0.28984375 0.04296875 0.07421875
0 0.9859375 0.33515625 0.028125 0.0890625
1 0.87265625 0.265625 0.0484375 0.07421875
1 0.9734375 0.26015625 0.03359375 0.0625
1 0.06640625 0.84375 0.1328125 0.3125
1 0.96875 0.715625 0.0625 0.096875
1 0.91953125 0.66484375 0.07109375 0.096875
1 0.6953125 0.640625 0.0625 0.0828125
1 0.76640625 0.68203125 0.06875 0.07421875
1 0.865625 0.67265625 0.05390625 0.07109375
1 0.9875 0.67421875 0.025 0.0953125
1 0.5796875 0.65546875 0.0484375 0.065625