1 0.43359375 0.096875 0.2171875 0.19375
1 0.23671875 0.26015625 0.20390625 0.403125
1 0.39296875 0.878125 0.11484375 0.1765625
1 0.03984375 0.96953125 0.0796875 0.0609375
1 0.26953125 0.93359375 0.0859375 0.1328125
1 0.321875 0.93515625 0.07578125 0.12265625
1 0.21328125 0.95703125 0.0765625 0.0859375
1 0.1109375 0.97421875 0.08125 0.0515625
1 0.1890625 0.96875 0.05625 0.0625
0 0.85 0.928125 0.053125 0.08671875
0 0.94140625 0.9625 0.03359375 0.0453125
1 0.6703125 0.93046875 0.0484375 0.071875
1 0.7578125 0.953125 0.05078125 0.06953125