1 0.41171875 0.29140625 0.0546875 0.1890625
0 0.30703125 0.2921875 0.0734375 0.14453125
0 0.0359375 0.29921875 0.071875 0.1328125
0 0.10703125 0.346875 0.0515625 0.10625
0 0.165625 0.33671875 0.08125 0.1265625
0 0.20546875 0.35859375 0.0515625 0.0828125
0 0.26171875 0.35859375 0.0546875 0.0828125
0 0.834375 0.06796875 0.159375 0.1359375
2 0.83359375 0.2 0.3328125 0.4
1 0.92421875 0.43671875 0.0765625 0.0734375
1 0.684375 0.43359375 0.09375 0.0671875
1 0.48125 0.5015625 0.08125 0.203125
1 0.5140625 0.4765625 0.06875 0.153125