1 0.63046875 0.18828125 0.1015625 0.2734375
1 0.9703125 0.34765625 0.059375 0.0640625
1 0.540625 0.44375 0.078125 0.128125
0 0.42421875 0.4328125 0.0734375 0.10625
0 0.0171875 0.4859375 0.034375 0.125
0 0.15 0.43359375 0.078125 0.1078125
0 0.225 0.4703125 0.0515625 0.109375
0 0.28359375 0.46484375 0.08203125 0.13671875
0 0.3234375 0.50390625 0.0515625 0.128125
0 0.37890625 0.4984375 0.0546875 0.1171875
1 0.721875 0.48671875 0.14375 0.2140625
1 0.9421875 0.75859375 0.11171875 0.19453125
1 0.8296875 0.75390625 0.1046875 0.1796875
1 0.59765625 0.51171875 0.0359375 0.2640625