1 0.02734375 0.28515625 0.0546875 0.1890625
1 0.13828125 0.2796875 0.0953125 0.1859375
0 0.2671875 0.28515625 0.06796875 0.1421875
0 0.5375 0.30390625 0.0734375 0.13125
0 0.4640625 0.34765625 0.04609375 0.109375
0 0.40625 0.340625 0.07890625 0.13359375
0 0.365625 0.37890625 0.04609375 0.128125
0 0.3109375 0.37265625 0.0515625 0.11484375
1 0.778125 0.0234375 0.09375 0.046875
1 0.03046875 0.48671875 0.0578125 0.0359375
1 0.19609375 0.5234375 0.1171875 0.109375
1 0.31484375 0.53359375 0.1203125 0.1296875
0 0.434375 0.540625 0.08671875 0.14375
0 0.1078125 0.48515625 0.078125 0.0328125
0 0.6484375 0.62109375 0.021875 0.1328125
0 0.60625 0.6453125 0.0625 0.10703125
0 0.55390625 0.62421875 0.09453125 0.1390625
0 0.50546875 0.6515625 0.065625 0.12578125
0 0.4546875 0.63046875 0.06796875 0.11484375
1 0.88046875 0.64375 0.18671875 0.32734375
1 0.971875 0.56484375 0.05625 0.1921875