1 0.0984375 0.115625 0.071875 0.1421875
1 0.96171875 0.03046875 0.0765625 0.0609375
1 0.8875 0.26484375 0.14765625 0.23984375
1 0.5859375 0.203125 0.065625 0.1
1 0.95859375 0.13203125 0.0578125 0.10546875
1 0.42109375 0.52421875 0.1171875 0.1484375
1 0.8703125 0.6359375 0.13203125 0.12734375
1 0.94140625 0.6140625 0.1171875 0.18125
1 0.5125 0.5859375 0.065625 0.053125
1 0.7640625 0.528125 0.0890625 0.06484375
1 0.66953125 0.55546875 0.0578125 0.0484375
1 0.49453125 0.51640625 0.0296875 0.0484375