0 0.01796875 0.1578125 0.0359375 0.0625
0 0.08046875 0.1453125 0.03828125 0.0578125
0 0.13359375 0.1359375 0.053125 0.0765625
0 0.409375 0.13125 0.053125 0.08671875
0 0.50078125 0.165625 0.03359375 0.0453125
0 0.6625 0.16953125 0.0125 0.0484375
1 0.2296875 0.13359375 0.0484375 0.071875
1 0.3171875 0.15625 0.05078125 0.06953125
1 0.8703125 0.12265625 0.25 0.2453125
1 0.47890625 0.659375 0.109375 0.1578125
1 0.3265625 0.6765625 0.08828125 0.13359375
1 0.58984375 0.73046875 0.06953125 0.1125
1 0.6375 0.7359375 0.0625 0.109375
1 0.69765625 0.72265625 0.0578125 0.1484375