1 0.33828125 0.10859375 0.10078125 0.15234375
1 0.4390625 0.0703125 0.121875 0.140625
1 0.03828125 0.1671875 0.0765625 0.121875
1 0.26640625 0.1375 0.0796875 0.12109375
1 0.17734375 0.134375 0.0828125 0.1109375
1 0.978125 0.1421875 0.04375 0.0875
1 0.828125 0.08671875 0.07578125 0.08984375
1 0.678125 0.10390625 0.078125 0.08984375
1 0.56640625 0.08828125 0.0640625 0.06953125
1 0.03046875 0.67734375 0.0609375 0.1109375
1 0.1703125 0.678125 0.05546875 0.07578125
1 0.31640625 0.66171875 0.05546875 0.078125
1 0.3578125 0.63671875 0.04765625 0.0734375
2 0.91484375 0.68984375 0.1703125 0.6203125