1 0.1515625 0.0171875 0.090625 0.034375
1 0.0671875 0.01953125 0.103125 0.0390625
1 0.3265625 0.040625 0.13125 0.08125
1 0.40546875 0.11875 0.0734375 0.12734375
1 0.296875 0.03046875 0.09375 0.0609375
1 0.8046875 0.17578125 0.07265625 0.1234375
1 0.7015625 0.37109375 0.08515625 0.10703125
1 0.57578125 0.46484375 0.1109375 0.1296875
1 0.4828125 0.46640625 0.065625 0.1265625
0 0.31640625 0.69921875 0.1125 0.17421875
0 0.115625 0.6609375 0.13203125 0.2109375
0 0.03125 0.6265625 0.0625 0.178125
0 0.42109375 0.7375 0.0578125 0.28125