1 0.46796875 0.02421875 0.0640625 0.0484375
1 0.4 0.25234375 0.14765625 0.23984375
1 0.0984375 0.190625 0.065625 0.1
1 0.47109375 0.11953125 0.0578125 0.10546875
0 0.55078125 0.63671875 0.09453125 0.15703125
0 0.7 0.68515625 0.09453125 0.17890625
0 0.75546875 0.7140625 0.0671875 0.13671875
0 0.59453125 0.5578125 0.0640625 0.078125
0 0.99296875 0.60078125 0.0140625 0.1046875
0 0.86875 0.575 0.059375 0.11171875
0 0.85703125 0.53671875 0.0515625 0.0359375
0 0.91015625 0.61328125 0.05234375 0.109375
0 0.91953125 0.54453125 0.0515625 0.0515625
0 0.51875 0.59921875 0.0375 0.1078125
0 0.984375 0.56875 0.03125 0.084375