1 0.3359375 0.11796875 0.071875 0.14453125
1 0.140625 0.1359375 0.0671875 0.12734375
1 0.76796875 0.1171875 0.13203125 0.2140625
1 0.95546875 0.16484375 0.0265625 0.05546875
0 0.13515625 0.90390625 0.12578125 0.17890625
0 0.01953125 0.93359375 0.0390625 0.1328125
0 0.3015625 0.9046875 0.128125 0.190625
0 0.3671875 0.92421875 0.09375 0.1515625
0 0.15390625 0.79296875 0.08828125 0.128125
0 0.03984375 0.809375 0.0796875 0.13125
0 0.4234375 0.7484375 0.03125 0.125
0 0.41015625 0.684375 0.0578125 0.109375
0 0.084375 0.87578125 0.071875 0.12265625
1 0.93671875 0.79375 0.1265625 0.353125
1 0.55 0.87421875 0.221875 0.2265625